#ipl z nelem cellwidth spacing xoffset scalex x0 x1 x2 costheta scaley y0 y1 y2 sintheta resolution p1x p1y p1z deltapx deltapy deltapz dp1x dp1y dp1z
1 646.791 201 0.635 0.635 0.159 101.6 1.016 -49.784 51.816 0.970124 121.92 2.672 -58.288 63.632 0.242609 0.064 -49.0448 -58.2961 647.179 -30.4891 121.918 0.121794 0.654527 5.23621e-05 -0.0045006
2 647.426 201 0.635 0.635 -0.159 101.6 1.016 -49.784 51.816 0.970124 121.92 2.672 -58.288 63.632 0.242609 0.064 -49.359 -58.2928 647.816 -30.4891 121.918 0.121794 0.654527 5.23621e-05 -0.0045006
3 625.043 160 0.635 0.635 0.159 101.6 0.884 -49.916 51.684 1 121.92 2.771 -58.189 63.731 -9e-05 0.064 -49.4378 -58.1792 624.44 0.0174363 121.909 1.60928 0.634995 -5.71495e-05 -0.00255079
4 624.408 160 0.635 0.635 -0.159 101.6 0.884 -49.916 51.684 1 121.92 2.771 -58.189 63.731 -9e-05 0.064 -49.7558 -58.1791 623.807 0.0174363 121.909 1.60928 0.634995 -5.71495e-05 -0.00255079
5 600.71 201 0.635 0.635 0.159 101.6 0.635 -50.165 51.435 0.970847 121.92 2.982 -57.978 63.942 -0.2397 0.064 -79.7214 -58.2105 601.373 30.1207 122.008 -0.614525 0.65453 0.00190927 -0.003562
6 601.345 201 0.635 0.635 -0.159 101.6 0.635 -50.165 51.435 0.970847 121.92 2.982 -57.978 63.942 -0.2397 0.064 -80.0492 -58.2115 602.009 30.1207 122.008 -0.614525 0.65453 0.00190927 -0.003562
7 688.614 384 0.5 0.5 0 152.4 0.349 -75.851 76.549 0.970595 137.16 -0.173 -68.753 68.407 -0.240717 0.064 -115.364 -68.9695 688.833 34.0329 137.224 -0.0233158 0.515386 0.000963772 -0.00108231
8 689.214 384 0.5 0.5 -0.25 152.4 0.349 -75.851 76.549 0.970595 137.16 -0.173 -68.753 68.407 -0.240717 0.064 -115.621 -68.97 689.433 34.0329 137.224 -0.0233158 0.515386 0.000963772 -0.00108231
9 689.814 320 0.5 0.5 0 152.4 0.349 -75.851 76.549 0.999998 137.16 -0.173 -68.753 68.407 0.00187 0.064 -79.2725 -68.902 689.957 -0.256386 137.16 0.0486917 0.499998 0.000934997 -0.00105
10 690.414 320 0.5 0.5 -0.25 152.4 0.349 -75.851 76.549 0.999998 137.16 -0.173 -68.753 68.407 0.00187 0.064 -79.5225 -68.9025 690.558 -0.256386 137.16 0.0486917 0.499998 0.000934997 -0.00105
11 691.014 384 0.5 0.5 0 152.4 0.349 -75.851 76.549 0.969688 137.16 -0.173 -68.753 68.407 0.244345 0.064 -81.0745 -68.9054 691.161 -34.5457 137.095 0.1207 0.515386 0.000963772 -0.00108231
12 691.614 384 0.5 0.5 -0.25 152.4 0.349 -75.851 76.549 0.969688 137.16 -0.173 -68.753 68.407 0.244345 0.064 -81.3322 -68.9059 691.761 -34.5457 137.095 0.1207 0.515386 0.000963772 -0.00108231
13 1315.83 128 2.021 2.021 -0.505 233.274 -2.443 -119.08 114.194 0.969887 264.16 -0.549 -132.629 131.531 -0.243554 0.064 -168.404 -132.453 1316.88 66.3148 264.09 -0.666265 2.08317 -0.00219774 -0.011268
14 1322.81 128 2.021 2.021 0.505 233.274 -2.443 -119.08 114.194 0.969887 264.16 -0.549 -132.629 131.531 -0.243554 0.064 -167.376 -132.451 1323.85 66.3148 264.09 -0.666265 2.08317 -0.00219774 -0.011268
15 1341.14 112 2.083 2.083 -0.521 233.274 -0.82 -117.457 115.817 0.999995 264.16 0.201 -131.879 132.281 0.00317999 0.064 -116.315 -132.247 1340.91 -0.839594 264.158 -0.161137 2.08298 0.00662391 0.00559285
16 1348.12 112 2.083 2.083 0.521 233.274 -0.82 -117.457 115.817 0.999995 264.16 0.201 -131.879 132.281 0.00317999 0.064 -115.273 -132.244 1347.89 -0.839594 264.158 -0.161137 2.08298 0.00662391 0.00559285
17 1366.57 128 2.021 2.021 -0.505 233.274 -0.612 -117.249 116.025 0.968911 264.16 -0.622 -132.702 131.458 0.247408 0.064 -99.7524 -133.206 1366.66 -67.3594 263.822 -1.55191 2.08314 0.0104783 0.0108742
18 1373.55 128 2.021 2.021 0.505 233.274 -0.612 -117.249 116.025 0.968911 264.16 -0.622 -132.702 131.458 0.247408 0.064 -98.7114 -133.201 1373.64 -67.3594 263.822 -1.55191 2.08314 0.0104783 0.0108742
19 1925.94 134 2 2 0.5 320 -0.998 -160.998 159.002 0.97007 166 78.918 -4.082 161.918 0.242825 0.064 -116.834 -4.12546 1925.8 -41.5493 165.988 -0.143713 2.06155 0.000624649 0.00318097
20 1927.94 134 2 2 -0.5 320 -0.998 -160.998 159.002 0.97007 166 78.918 -4.082 161.918 0.242825 0.064 -117.865 -4.12577 1927.8 -41.5493 165.988 -0.143713 2.06155 0.000624649 0.00318097
21 1929.94 116 2 2 0.5 320 -0.998 -160.998 159.002 1 166 78.918 -4.082 161.918 0.000303 0.064 -115.508 -4.11669 1929.8 -0.0501751 166 -0.0796799 2 0.000605999 0.003086
22 1931.94 116 2 2 -0.5 320 -0.998 -160.998 159.002 1 166 78.918 -4.082 161.918 0.000303 0.064 -116.508 -4.11699 1931.8 -0.0501751 166 -0.0796799 2 0.000605999 0.003086
23 1933.94 134 2 2 0.5 320 -0.998 -160.998 159.002 0.970217 166 78.918 -4.082 161.918 -0.242237 0.064 -158.333 -4.1213 1933.73 41.4489 166.012 -0.0156467 2.06155 0.000624649 0.00318097
24 1935.94 134 2 2 -0.5 320 -0.998 -160.998 159.002 0.970217 166 78.918 -4.082 161.918 -0.242237 0.064 -159.364 -4.12162 1935.73 41.4489 166.012 -0.0156467 2.06155 0.000624649 0.00318097
25 1889.1 134 2 2 -0.5 320 -2.601 -162.601 157.399 0.970318 166 -79.393 -162.393 3.607 0.241833 0.064 -119.549 -162.316 1889.35 -41.3786 166.029 0.388145 2.06154 -0.00148431 -0.00674744
26 1891.1 134 2 2 0.5 320 -2.601 -162.601 157.399 0.970318 166 -79.393 -162.393 3.607 0.241833 0.064 -118.518 -162.317 1891.35 -41.3786 166.029 0.388145 2.06154 -0.00148431 -0.00674744
27 1893.1 116 2 2 -0.5 320 -2.601 -162.601 157.399 1 166 -79.393 -162.393 3.607 -0.00072 0.064 -118.192 -162.31 1893.35 0.120346 166 0.252319 1.99999 -0.00143999 -0.00654599
28 1895.1 116 2 2 0.5 320 -2.601 -162.601 157.399 1 166 -79.393 -162.393 3.607 -0.00072 0.064 -117.192 -162.31 1895.34 0.120346 166 0.252319 1.99999 -0.00143999 -0.00654599
29 1897.1 134 2 2 -0.5 320 -2.601 -162.601 157.399 0.969969 166 -79.393 -162.393 3.607 -0.24323 0.064 -161.048 -162.272 1897.49 41.6193 165.97 0.116492 2.06154 -0.00148431 -0.00674744
30 1899.1 134 2 2 0.5 320 -2.601 -162.601 157.399 0.969969 166 -79.393 -162.393 3.607 -0.24323 0.064 -160.017 -162.272 1899.48 41.6193 165.97 0.116492 2.06154 -0.00148431 -0.00674744
31 676.587 23 7.32 7.0025 0 162.008 0.693 -80.311 81.697 1 69.85 -37.032 -71.957 -2.107 -0.000563 0 -76.3542 -71.9135 676.569 0.0395569 69.8497 0.207454 7.00249 -0.0039424 -0.00781479
32 676.587 23 7.32 7.0025 0 162.008 0.693 -80.311 81.697 1 69.85 37.009 2.084 71.934 -0.000563 0 -76.3542 2.12753 676.569 0.0395569 69.8497 0.207454 7.00249 -0.0039424 -0.00781479
33 663.415 20 7.32 7.0025 0 78.74 40.767 1.397 80.137 0.000686327 140.117 0.104 -69.9545 70.1625 1 0 80.1826 66.6007 663.27 0 0 0 0 0 0
34 663.415 20 7.32 7.0025 0 78.74 -37.973 -77.343 1.397 0.000686327 140.117 0.104 -69.9545 70.1625 1 0 1.44263 66.6007 663.27 0 0 0 0 0 0
35 1404.42 19 13 12.6825 0 132 64.438 -1.562 130.438 -0.00323367 241.285 0.82 -119.823 121.463 0.999995 0 130.054 115.169 1402.57 0 0 0 0 0 0
36 1404.42 19 13 12.6825 0 132 -67.562 -133.562 -1.562 -0.00323367 241.285 0.82 -119.823 121.463 0.999995 0 -1.94593 115.169 1402.57 0 0 0 0 0 0
37 1422.4 16 13 12.6825 0 203.238 -1.659 -103.278 99.96 1 152 -75.281 -151.281 0.719 -4e-06 0 -96.7787 -151.28 1422.27 0.00263919 151.998 0.763034 12.6825 -5.07298e-05 -0.0337608
38 1422.4 16 13 12.6825 0 203.238 -1.659 -103.278 99.96 1 152 76.82 0.82 152.82 -4e-06 0 -96.7787 0.821338 1422.27 0.00263919 151.998 0.763034 12.6825 -5.07298e-05 -0.0337608
39 1959.11 16 14.5875 14.27 0 227.518 -1.483 -115.242 112.276 0.999999 167.64 -83.962 -167.782 -0.142 -0.00145 0 -108.625 -167.626 1958.1 0.238951 167.639 0.630311 14.2697 -0.0206911 0.0933965
40 1959.11 16 14.5875 14.27 0 227.518 -1.483 -115.242 112.276 0.999999 167.64 83.678 -0.142 167.498 -0.00145 0 -108.625 0.0138605 1958.1 0.238951 167.639 0.630311 14.2697 -0.0206911 0.0933965
41 2146.36 16 23.4775 23.16 0 152.4 66.04 -10.16 142.24 0.00413632 365.797 0.376 -182.523 183.275 0.999991 0 142.953 173.755 2147.91 0 0 0 0 0 0
42 2131.01 16 23.4775 23.16 0 152.4 -66.04 -142.24 10.16 0.00111633 365.797 0.211 -182.688 183.109 0.999999 0 10.3549 173.825 2131.48 0 0 0 0 0 0
43 2216.83 16 23.4775 23.16 0 152.4 66.04 -10.16 142.24 0.00324632 365.797 -0.34 -183.238 182.559 0.999995 0 142.801 173.108 2218.11 0 0 0 0 0 0
44 2201.7 16 23.4775 23.16 0 152.4 -66.04 -142.24 10.16 0.00141633 365.797 -0.191 -183.089 182.708 0.999999 0 10.405 173.401 2202.19 0 0 0 0 0 0
45 2243.75 16 19.6475 19.33 0 304.518 -1.514 -153.773 150.745 0.99999 182.88 -91.697 -183.137 -0.257 0.00449998 0 -146.075 -183.786 2244.57 -0.824644 182.874 -1.25089 19.3298 0.0869846 -0.0263661
46 2243.75 16 19.6475 19.33 0 304.518 -1.514 -153.773 150.745 0.99999 182.88 91.183 -0.257 182.623 0.00449998 0 -146.075 -0.906316 2244.57 -0.824644 182.874 -1.25089 19.3298 0.0869846 -0.0263661
47 2098.13 72 4.7625 5.08 1.27 368.51 -0.897 -185.152 183.358 -0.000649445 368.3 0.196 -183.954 184.346 1 0 183.467 -178.754 2096.47 -368.502 -0.239322 2.44403 -0.0031976 5.07998 0.0125011
48 2102.53 72 4.7625 5.08 -1.27 368.51 -0.897 -185.152 183.358 -0.000649445 368.3 0.196 -183.954 184.346 1 0 183.468 -181.294 2100.86 -368.502 -0.239322 2.44403 -0.0031976 5.07998 0.0125011
49 2174.23 72 4.7625 5.08 1.27 368.3 -2.146 -186.296 182.004 1 368.555 -1.196 -185.474 183.082 0.000785398 0 -181.07 -185.613 2173.33 -0.290906 368.552 1.42801 5.08 0.00398982 0.00514243
50 2178.63 72 4.7625 5.08 -1.27 368.3 -2.146 -186.296 182.004 1 368.555 -1.196 -185.474 183.082 0.000785398 0 -183.61 -185.615 2177.73 -0.290906 368.552 1.42801 5.08 0.00398982 0.00514243
51 2367.04 72 4.7625 5.08 1.27 368.3 -2.954 -187.104 181.196 1 368.555 -1.158 -185.436 183.12 0.000785398 0 -182.169 -185.295 2367.28 0.289298 368.555 -0.276598 5.08 -0.00398982 -0.00301453
52 2371.44 72 4.7625 5.08 -1.27 368.3 -2.954 -187.104 181.196 1 368.555 -1.158 -185.436 183.12 0.000785398 0 -184.709 -185.293 2371.69 0.289298 368.555 -0.276598 5.08 -0.00398982 -0.00301453
53 2389.51 72 4.7625 5.08 1.27 368.59 -0.589 -184.884 183.706 0.000886445 368.3 0.211 -183.939 184.361 1 0 183.544 -179.021 2388.5 -368.588 0.326733 0.881329 0.00456036 5.07997 0.0161365
54 2393.91 72 4.7625 5.08 -1.27 368.59 -0.589 -184.884 183.706 0.000886445 368.3 0.211 -183.939 184.361 1 0 183.542 -181.561 2392.89 -368.588 0.326733 0.881329 0.00456036 5.07997 0.0161365
